0901372525
Nøglekortnummer: S653453470
0006 181049 3327 480301 6306 215577 8298 971278
0071 829142 3510 292987 6380 380772 8331 717835
0249 600873 3621 506506 6418 453584 8485 684809
0361 517110 3639 529313 6466 789248 8527 335146
0404 381670 3781 519019 6526 942544 8597 963658
0604 992618 3817 341068 6531 448458 8598 463935
0611 069952 3872 853742 6614 474249 8602 153863
0768 034148 3906 740089 6640 435038 8688 680089
1032 111300 3936 164924 6649 536649 8706 732126
1049 362406 3962 586775 6751 443053 8949 157514
1101 422350 4042 811019 6754 156395 8981 842734
1121 922719 4191 505175 6821 856512 8992 762067
1156 067282 4231 767687 7019 086308 9006 447550
1192 776744 4473 750433 7058 751919 9018 640303
1233 053297 4532 131812 7070 511932 9036 821860
1411 491868 4567 057238 7081 659073 9109 394650
1488 713601 4678 302081 7086 581142 9150 613302
1570 895166 4721 888508 7246 029964 9168 582385
1577 057902 4750 862377 7342 233034 9193 019378
1641 732711 4819 071882 7439 509267 9203 113016
1656 368919 4826 199830 7493 168945 9301 933614
1780 839222 4865 484522 7512 107296 9394 542158
1837 688693 4927 456806 7630 044856 9527 559381
1979 049991 4930 080935 7670 859153 9566 967329
2328 886468 5103 612497 7738 492340 9573 160242
2432 104703 5134 879628 7743 348760 9584 164090
2505 666606 5140 092266 7747 550595 9602 894911
2524 875186 5165 300520 7857 530683 9652 641846
2580 132475 5230 410294 7897 931027 9714 241101
2685 292022 5260 788015 7918 460192 9730 062939
2713 996135 5448 429296 7941 833739 9740 089908
2739 774533 5564 424038 7962 010169 9745 255174
2860 761678 5599 550027 8066 056530 9822 585796
3005 430142 5806 023981 8092 425750 9853 194311
3011 724061 5972 092136 8111 696278 9932 988255
3056 935223 6018 759912 8126 429064 9952 204835
3187 201735 6106 612674 8235 804988 9955 211912
